epoch,time,train/box_loss,train/cls_loss,train/dfl_loss,metrics/precision(B),metrics/recall(B),metrics/mAP50(B),metrics/mAP50-95(B),val/box_loss,val/cls_loss,val/dfl_loss,lr/pg0,lr/pg1,lr/pg2
1,7.75737,2.85725,4.28527,3.37099,0.02973,0.18412,0.02454,0.00917,2.23859,3.57863,3.27862,0.0002222,0.0002222,0.0002222
2,13.9748,2.33428,3.30586,2.84768,0.51643,0.3788,0.33775,0.15508,1.86271,2.93537,3.01175,0.000454007,0.000454007,0.000454007
3,19.9759,2.05963,2.50945,2.58111,0.42326,0.56532,0.52134,0.28666,1.65418,2.09025,2.78932,0.000684274,0.000684274,0.000684274
4,25.8788,1.80393,2.30043,2.623,0.66127,0.54852,0.61102,0.35041,1.49366,1.81662,2.8306,0.000913001,0.000913001,0.000913001
5,31.6034,1.73856,1.96758,2.7293,0.61895,0.63062,0.66385,0.39076,1.4248,1.50788,2.58844,0.00109633,0.00109633,0.00109633
6,37.382,1.63257,1.70964,2.54095,0.69495,0.69613,0.71586,0.44669,1.35237,1.42066,2.6463,0.00109267,0.00109267,0.00109267
7,43.031,1.65076,1.66193,2.55139,0.68314,0.71116,0.75337,0.45569,1.42316,1.38948,2.58068,0.001089,0.001089,0.001089
8,48.8802,1.5518,1.51523,2.49783,0.76008,0.68399,0.77318,0.50103,1.34287,1.27743,2.49329,0.00108534,0.00108534,0.00108534
9,55.6037,1.51144,1.43211,2.52765,0.75148,0.71911,0.7788,0.50351,1.33849,1.29655,2.52337,0.00108167,0.00108167,0.00108167
10,61.2815,1.40477,1.27978,2.2101,0.77204,0.71483,0.78012,0.51785,1.299,1.24587,2.45682,0.001078,0.001078,0.001078
11,66.9885,1.34908,1.23198,2.30714,0.80402,0.71347,0.81391,0.51871,1.33054,1.17333,2.53254,0.00107434,0.00107434,0.00107434
12,73.3524,1.40053,1.20292,2.425,0.76509,0.75388,0.80237,0.51042,1.33745,1.26397,2.55903,0.00107067,0.00107067,0.00107067
13,79.2787,1.32728,1.13458,2.29441,0.84216,0.71522,0.82516,0.52548,1.3147,1.17076,2.38917,0.001067,0.001067,0.001067
14,85.5683,1.31609,1.09247,2.28495,0.84379,0.72567,0.84004,0.53931,1.26524,1.07105,2.37163,0.00106334,0.00106334,0.00106334
15,91.7276,1.30102,1.11953,2.21536,0.76045,0.79385,0.83717,0.53689,1.23386,1.05883,2.31636,0.00105967,0.00105967,0.00105967
16,97.5356,1.273,1.02933,2.16049,0.81756,0.75346,0.83339,0.53712,1.25966,1.07005,2.31886,0.00105601,0.00105601,0.00105601
17,103.385,1.23387,0.97378,2.21463,0.73922,0.76609,0.81337,0.53305,1.24848,1.08793,2.43668,0.00105234,0.00105234,0.00105234
18,109.165,1.22086,0.9965,2.17014,0.78662,0.75747,0.82656,0.52977,1.22023,1.04325,2.37162,0.00104867,0.00104867,0.00104867
20,120.572,1.1893,0.92346,2.19262,0.79146,0.83069,0.86098,0.57741,1.21548,0.9814,2.23274,0.00104134,0.00104134,0.00104134
21,126.047,1.16295,0.88644,2.10714,0.87103,0.80555,0.87177,0.5909,1.22523,0.93891,2.22049,0.00103767,0.00103767,0.00103767
22,132.075,1.18034,0.91497,2.10173,0.82436,0.74637,0.8486,0.58995,1.13964,0.99002,2.2574,0.00103401,0.00103401,0.00103401
23,137.752,1.15581,0.87388,2.13142,0.77813,0.8296,0.85974,0.58803,1.19727,1.00803,2.30761,0.00103034,0.00103034,0.00103034
24,143.456,1.08125,0.8495,2.04491,0.87103,0.77348,0.87034,0.59199,1.18325,0.99326,2.31616,0.00102668,0.00102668,0.00102668
25,149.367,1.13432,0.96917,2.041,0.80776,0.79719,0.85037,0.58051,1.17234,0.99067,2.24392,0.00102301,0.00102301,0.00102301
26,155.082,1.0655,0.8195,2.13412,0.83234,0.82496,0.8529,0.58389,1.16321,0.91168,2.2824,0.00101934,0.00101934,0.00101934
27,161.406,1.08996,0.83789,2.02322,0.81813,0.81021,0.85549,0.59526,1.13793,0.90875,2.23238,0.00101568,0.00101568,0.00101568
28,167.182,1.07465,0.82935,2.04618,0.85188,0.75901,0.84871,0.58526,1.1629,0.92869,2.29712,0.00101201,0.00101201,0.00101201
29,172.861,1.01252,1.05495,1.92202,0.83819,0.79622,0.85674,0.60363,1.15461,0.93134,2.24351,0.00100834,0.00100834,0.00100834
30,178.979,1.05649,0.80925,2.00685,0.85147,0.80065,0.87083,0.62397,1.16487,0.95286,2.25841,0.00100468,0.00100468,0.00100468
31,184.6,1.05572,0.79057,2.08713,0.87957,0.79139,0.88459,0.61094,1.14766,0.9273,2.27773,0.00100101,0.00100101,0.00100101
32,190.619,1.04269,0.78986,2.07075,0.81344,0.79856,0.88332,0.62751,1.13264,0.92046,2.22453,0.000997345,0.000997345,0.000997345
33,196.193,1.02918,0.77948,2.0558,0.83661,0.79221,0.8739,0.60624,1.14412,0.8566,2.32619,0.000993678,0.000993678,0.000993678
34,201.959,1.03506,0.77465,2.05067,0.83736,0.78892,0.86331,0.60067,1.11673,0.86046,2.27842,0.000990012,0.000990012,0.000990012
35,207.725,1.05816,0.80176,1.99444,0.85967,0.81489,0.8668,0.60945,1.11084,0.86735,2.28388,0.000986346,0.000986346,0.000986346
36,213.21,1.02633,0.75787,2.02577,0.79109,0.79032,0.83462,0.58602,1.16851,1.00902,2.29709,0.000982679,0.000982679,0.000982679
37,219.127,1.00048,0.71464,2.00093,0.79815,0.78202,0.84281,0.58812,1.15869,0.9908,2.24935,0.000979013,0.000979013,0.000979013
38,225.133,0.983,0.73161,2.04535,0.84864,0.73631,0.83469,0.59511,1.12323,0.9592,2.27635,0.000975347,0.000975347,0.000975347
39,231.085,0.99025,0.73286,1.99704,0.81601,0.78923,0.8348,0.58698,1.12365,0.88733,2.25551,0.000971681,0.000971681,0.000971681
40,237.317,0.97755,0.71557,1.97658,0.86699,0.73565,0.84753,0.59769,1.1725,0.91285,2.33011,0.000968014,0.000968014,0.000968014
41,243.018,0.98,0.71118,1.92713,0.85848,0.76424,0.84068,0.6004,1.14594,0.89149,2.23172,0.000964348,0.000964348,0.000964348
42,248.906,0.97183,0.72774,2.08697,0.83294,0.78811,0.83656,0.59918,1.13848,0.91381,2.23853,0.000960682,0.000960682,0.000960682
43,254.67,0.97305,0.69044,1.98351,0.87416,0.80039,0.85791,0.60858,1.12486,0.86214,2.23695,0.000957015,0.000957015,0.000957015
44,260.305,0.9081,0.75257,1.85744,0.90464,0.79549,0.85751,0.60512,1.14952,0.86337,2.27546,0.000953349,0.000953349,0.000953349
45,266.112,0.94974,0.69072,2.08953,0.88676,0.79546,0.86652,0.60961,1.18053,0.87134,2.31388,0.000949683,0.000949683,0.000949683
46,271.687,0.97986,0.6789,1.95503,0.8559,0.81992,0.87391,0.6068,1.16076,0.89347,2.27441,0.000946016,0.000946016,0.000946016
47,277.642,0.92412,0.65179,1.82794,0.88222,0.79165,0.86658,0.60333,1.13953,0.8877,2.21798,0.00094235,0.00094235,0.00094235
48,283.597,0.92609,0.67472,1.87707,0.90226,0.81423,0.87852,0.61925,1.09115,0.87461,2.20117,0.000938684,0.000938684,0.000938684
49,289.415,0.91755,0.67259,1.94128,0.86755,0.82529,0.88005,0.61011,1.14926,0.87071,2.30579,0.000935018,0.000935018,0.000935018
50,295.635,0.88941,0.64047,1.85062,0.87273,0.82614,0.87696,0.61123,1.1214,0.85525,2.22405,0.000931351,0.000931351,0.000931351
51,301.263,0.87689,0.64108,1.94543,0.85103,0.8614,0.88496,0.61228,1.12341,0.83912,2.22473,0.000927685,0.000927685,0.000927685
52,307.086,0.89314,0.63928,1.87026,0.87185,0.81461,0.88165,0.62386,1.11889,0.84475,2.1951,0.000924019,0.000924019,0.000924019
53,312.759,0.86967,0.63037,1.86532,0.83275,0.83538,0.87874,0.61145,1.10565,0.87671,2.18413,0.000920352,0.000920352,0.000920352
54,318.4,0.87939,0.66443,1.90052,0.83097,0.84157,0.87359,0.62035,1.08256,0.86603,2.14729,0.000916686,0.000916686,0.000916686
55,324.317,0.9997,0.78021,1.95454,0.86917,0.79977,0.87914,0.61126,1.14718,0.88918,2.18383,0.00091302,0.00091302,0.00091302
56,329.869,0.87622,0.63944,1.84728,0.87557,0.82303,0.8772,0.62039,1.13478,0.91054,2.14994,0.000909353,0.000909353,0.000909353
57,335.782,0.87955,0.60953,1.83638,0.86549,0.78966,0.87122,0.61095,1.15467,0.93479,2.25503,0.000905687,0.000905687,0.000905687
58,341.455,0.83352,0.67511,1.75626,0.89688,0.7876,0.89235,0.63098,1.1546,0.89701,2.22211,0.000902021,0.000902021,0.000902021
59,347.166,0.83973,0.6052,1.90211,0.84976,0.85104,0.89757,0.64067,1.06816,0.84553,2.19218,0.000898355,0.000898355,0.000898355
60,353.453,0.86871,0.61408,1.82986,0.8568,0.79396,0.88705,0.62773,1.14281,0.85829,2.13732,0.000894688,0.000894688,0.000894688
61,359.045,0.8673,0.60703,1.86399,0.85501,0.79479,0.87996,0.6208,1.11766,0.84433,2.18327,0.000891022,0.000891022,0.000891022
62,365.442,0.8564,0.60249,1.91461,0.85579,0.80904,0.86889,0.61916,1.07252,0.85584,2.05979,0.000887356,0.000887356,0.000887356
63,371.33,0.84602,0.61733,1.8223,0.90381,0.79635,0.87202,0.62877,1.06894,0.82467,2.16259,0.000883689,0.000883689,0.000883689
64,377.007,0.84054,0.58549,1.81933,0.86732,0.82287,0.88441,0.64736,1.05113,0.8218,2.19479,0.000880023,0.000880023,0.000880023
65,382.696,0.84256,0.59704,1.81653,0.88162,0.76709,0.8708,0.61654,1.09022,0.85052,2.11138,0.000876357,0.000876357,0.000876357
66,388.3,0.85971,0.59244,1.80596,0.85554,0.81788,0.89253,0.63417,1.09064,0.85769,2.17301,0.000872691,0.000872691,0.000872691
67,393.981,0.83792,0.59924,1.7914,0.83532,0.82638,0.8578,0.62163,1.09118,0.89226,2.24486,0.000869024,0.000869024,0.000869024
68,399.725,0.82434,0.58748,1.81956,0.83676,0.81292,0.84724,0.61251,1.07393,0.91707,2.25535,0.000865358,0.000865358,0.000865358
69,405.561,0.82291,0.6156,1.82178,0.86441,0.78729,0.85653,0.6092,1.07978,0.88254,2.26548,0.000861692,0.000861692,0.000861692
70,411.34,0.83258,0.60162,1.84001,0.86471,0.79673,0.85037,0.61661,1.08384,0.90449,2.26624,0.000858025,0.000858025,0.000858025
71,416.688,0.80018,0.57191,1.76149,0.88017,0.82282,0.88233,0.62619,1.10111,0.84832,2.16018,0.000854359,0.000854359,0.000854359
72,422.279,0.80131,0.5738,1.82976,0.88911,0.8281,0.89693,0.63856,1.10471,0.80245,2.20586,0.000850693,0.000850693,0.000850693
73,427.896,0.81716,0.575,1.78418,0.84574,0.78638,0.87855,0.6256,1.11375,0.86595,2.29668,0.000847026,0.000847026,0.000847026
74,434.001,0.80679,0.58167,1.86192,0.89818,0.79325,0.87756,0.62501,1.12312,0.85391,2.23024,0.00084336,0.00084336,0.00084336
75,440.144,0.80429,0.57987,1.84806,0.85842,0.81825,0.87505,0.62825,1.11155,0.85454,2.23237,0.000839694,0.000839694,0.000839694
76,445.936,0.80451,0.58052,1.797,0.87861,0.79835,0.8836,0.65026,1.07371,0.79629,2.1974,0.000836027,0.000836027,0.000836027
77,452.111,0.80987,0.56027,1.82534,0.88945,0.83287,0.89564,0.65065,1.09833,0.81589,2.23049,0.000832361,0.000832361,0.000832361
78,457.958,0.81388,0.55909,1.7987,0.88586,0.80923,0.88697,0.6459,1.08125,0.81694,2.27034,0.000828695,0.000828695,0.000828695
79,463.849,0.77261,0.55184,1.78859,0.89072,0.82698,0.91245,0.65923,1.06907,0.83278,2.20311,0.000825029,0.000825029,0.000825029
80,469.576,0.77294,0.55452,1.83104,0.86815,0.82759,0.90666,0.65412,1.08261,0.83645,2.20873,0.000821362,0.000821362,0.000821362
81,475.009,0.78884,0.5586,1.83018,0.87171,0.79919,0.87992,0.62601,1.10731,0.87665,2.28501,0.000817696,0.000817696,0.000817696
82,481.364,0.79186,0.56549,1.83662,0.86547,0.84576,0.88081,0.6353,1.09722,0.86226,2.35946,0.00081403,0.00081403,0.00081403
83,486.821,0.78341,0.56859,1.76682,0.85183,0.83372,0.88071,0.63128,1.09439,0.85973,2.28984,0.000810363,0.000810363,0.000810363
84,492.419,0.78293,0.55803,1.76397,0.85101,0.84149,0.89126,0.65138,1.09923,0.84468,2.32483,0.000806697,0.000806697,0.000806697
85,498.652,0.76764,0.54549,1.70533,0.87438,0.84795,0.8878,0.64414,1.09364,0.83075,2.36889,0.000803031,0.000803031,0.000803031
86,504.379,0.76014,0.54001,1.76292,0.90456,0.83777,0.88106,0.64499,1.0876,0.85613,2.32116,0.000799365,0.000799365,0.000799365
87,510.316,0.76675,0.55323,1.82296,0.884,0.84831,0.87352,0.64316,1.07162,0.86178,2.34314,0.000795698,0.000795698,0.000795698
88,516.346,0.7506,0.54128,1.77674,0.87107,0.83596,0.86761,0.64334,1.05859,0.85604,2.35287,0.000792032,0.000792032,0.000792032
89,522.328,0.73064,0.52591,1.79179,0.88332,0.82575,0.88793,0.64963,1.06733,0.83512,2.37865,0.000788366,0.000788366,0.000788366
90,528.258,0.76279,0.53959,1.73933,0.9104,0.82573,0.89062,0.6393,1.07714,0.84559,2.39881,0.000784699,0.000784699,0.000784699
91,534.148,0.73119,0.53024,1.69996,0.88927,0.81064,0.88991,0.64065,1.09373,0.8388,2.35836,0.000781033,0.000781033,0.000781033
92,539.918,0.75767,0.54957,1.77117,0.91686,0.79252,0.88986,0.64613,1.0709,0.84451,2.34437,0.000777367,0.000777367,0.000777367
93,545.661,0.73458,0.52137,1.64219,0.92079,0.795,0.89846,0.6479,1.08964,0.83383,2.38918,0.0007737,0.0007737,0.0007737
94,551.557,0.7269,0.54058,1.8027,0.85862,0.85002,0.89435,0.65787,1.08922,0.83416,2.24315,0.000770034,0.000770034,0.000770034
95,557.793,0.7461,0.53904,1.78563,0.88338,0.82865,0.89372,0.64901,1.0854,0.82229,2.23495,0.000766368,0.000766368,0.000766368
96,563.313,0.72491,0.51879,1.82793,0.86179,0.84922,0.88322,0.64453,1.09091,0.81393,2.29204,0.000762702,0.000762702,0.000762702
97,569.066,0.69748,0.50372,1.75445,0.86583,0.88027,0.89032,0.65192,1.12109,0.82843,2.41929,0.000759035,0.000759035,0.000759035
98,574.566,0.71477,0.51024,1.7605,0.85585,0.86,0.88055,0.63043,1.13212,0.86437,2.46976,0.000755369,0.000755369,0.000755369
99,580.458,0.69223,0.50852,1.7346,0.87522,0.82056,0.87899,0.63171,1.11274,0.88416,2.39746,0.000751703,0.000751703,0.000751703
100,586.306,0.73432,0.51066,1.82132,0.88771,0.80812,0.8764,0.63968,1.11916,0.89573,2.44568,0.000748036,0.000748036,0.000748036
101,592.105,0.76816,0.54487,1.91403,0.84933,0.8264,0.87703,0.64044,1.10124,0.90198,2.38339,0.00074437,0.00074437,0.00074437
102,597.994,0.69336,0.49307,1.73082,0.9285,0.76562,0.8851,0.64346,1.09139,0.8412,2.38377,0.000740704,0.000740704,0.000740704
103,604.015,0.69709,0.50189,1.79549,0.89669,0.82707,0.90432,0.65074,1.11306,0.85273,2.40367,0.000737037,0.000737037,0.000737037
104,609.752,0.73181,0.52707,1.79374,0.92131,0.78079,0.89289,0.64226,1.11198,0.85094,2.37532,0.000733371,0.000733371,0.000733371
105,615.55,0.70602,0.50128,1.78693,0.87043,0.79833,0.88978,0.64438,1.10441,0.86734,2.37031,0.000729705,0.000729705,0.000729705
106,621.168,0.69887,0.51992,1.76031,0.91443,0.77161,0.88716,0.65032,1.09104,0.85374,2.31944,0.000726038,0.000726038,0.000726038
107,626.907,0.69029,0.49887,1.75993,0.88465,0.82167,0.89301,0.64601,1.11379,0.84723,2.43916,0.000722372,0.000722372,0.000722372
108,632.744,0.66727,0.56575,1.59044,0.93911,0.79852,0.88875,0.63391,1.1314,0.87239,2.51146,0.000718706,0.000718706,0.000718706
109,640.02,0.69038,0.50913,1.67649,0.89951,0.8348,0.88689,0.63488,1.12468,0.87031,2.42773,0.00071504,0.00071504,0.00071504
110,646.632,0.70915,0.5191,1.71688,0.8484,0.81865,0.88393,0.64289,1.09504,0.85895,2.33142,0.000711373,0.000711373,0.000711373
111,653.573,0.72541,0.51853,1.79588,0.81793,0.81274,0.87144,0.63038,1.08571,0.86441,2.25225,0.000707707,0.000707707,0.000707707
112,659.774,0.70412,0.51001,1.70354,0.82405,0.83287,0.87206,0.63776,1.08804,0.85496,2.22846,0.000704041,0.000704041,0.000704041
113,665.458,0.69,0.49753,1.73903,0.83398,0.87232,0.88178,0.63251,1.0739,0.84949,2.16707,0.000700374,0.000700374,0.000700374
114,671.583,0.67571,0.49444,1.76632,0.84645,0.86394,0.882,0.63335,1.07097,0.8329,2.3167,0.000696708,0.000696708,0.000696708
115,677.223,0.68972,0.49593,1.83508,0.86728,0.84331,0.87457,0.64822,1.05365,0.8511,2.34448,0.000693042,0.000693042,0.000693042
116,682.978,0.6756,0.49375,1.79095,0.84193,0.84263,0.86539,0.63924,1.06105,0.88338,2.23951,0.000689376,0.000689376,0.000689376
117,688.714,0.70468,0.49165,1.71415,0.8378,0.83292,0.8699,0.62355,1.08449,0.86597,2.34247,0.000685709,0.000685709,0.000685709
118,694.55,0.67235,0.49299,1.70026,0.8697,0.8231,0.87175,0.62843,1.09643,0.87001,2.60579,0.000682043,0.000682043,0.000682043
119,700.596,0.69042,0.49362,1.73234,0.87443,0.80816,0.86638,0.63099,1.11179,0.89363,2.61416,0.000678377,0.000678377,0.000678377
120,706.528,0.66598,0.49952,1.77246,0.8827,0.78073,0.8656,0.62734,1.15035,0.906,2.50354,0.00067471,0.00067471,0.00067471
121,712.426,0.68334,0.48871,1.71691,0.87931,0.81124,0.86531,0.62205,1.13008,0.86023,2.44156,0.000671044,0.000671044,0.000671044
122,718.291,0.66645,0.47397,1.72031,0.87935,0.8242,0.88176,0.64934,1.07838,0.83281,2.33822,0.000667378,0.000667378,0.000667378
123,724.165,0.66768,0.48814,1.74832,0.86228,0.83332,0.86131,0.62983,1.09716,0.8626,2.39489,0.000663711,0.000663711,0.000663711
124,730.011,0.62899,0.45841,1.65984,0.83628,0.82633,0.8624,0.63765,1.08982,0.83209,2.39967,0.000660045,0.000660045,0.000660045
125,735.856,0.61653,0.46181,1.64699,0.85536,0.81064,0.8686,0.63576,1.09519,0.85417,2.31077,0.000656379,0.000656379,0.000656379
126,741.807,0.65672,0.47421,1.68982,0.8122,0.83666,0.86073,0.63653,1.11318,0.88689,2.42601,0.000652712,0.000652712,0.000652712
127,747.715,0.68672,0.5143,1.74865,0.81537,0.84329,0.86045,0.63268,1.1068,0.89542,2.42085,0.000649046,0.000649046,0.000649046
128,753.63,0.64221,0.47058,1.71302,0.80277,0.84543,0.8591,0.62879,1.09409,0.88992,2.39055,0.00064538,0.00064538,0.00064538
129,759.54,0.63465,0.46416,1.85332,0.86416,0.82297,0.8816,0.64708,1.07168,0.86732,2.3294,0.000641714,0.000641714,0.000641714
130,765.399,0.64078,0.45693,1.708,0.89214,0.81749,0.8893,0.64864,1.07015,0.86204,2.389,0.000638047,0.000638047,0.000638047
131,771.387,0.66511,0.46807,1.74723,0.91372,0.80072,0.89661,0.65402,1.07293,0.82664,2.38909,0.000634381,0.000634381,0.000634381
132,777.432,0.67376,0.47805,1.72909,0.92865,0.77963,0.89035,0.65448,1.06081,0.84908,2.4515,0.000630715,0.000630715,0.000630715
133,783.312,0.6683,0.49549,1.69381,0.91413,0.79836,0.89958,0.66007,1.05861,0.84381,2.43441,0.000627048,0.000627048,0.000627048
134,789.395,0.6307,0.47351,1.71983,0.87372,0.82326,0.90194,0.65542,1.08421,0.84565,2.47055,0.000623382,0.000623382,0.000623382
135,795.223,0.596,0.44214,1.60502,0.9069,0.8024,0.90205,0.66135,1.08372,0.84374,2.44738,0.000619716,0.000619716,0.000619716
136,801.102,0.64721,0.46723,1.63453,0.89153,0.81049,0.8982,0.65695,1.06834,0.8333,2.42197,0.000616049,0.000616049,0.000616049
137,807.212,0.6439,0.46155,1.66042,0.8951,0.84094,0.90906,0.66758,1.03008,0.77552,2.38522,0.000612383,0.000612383,0.000612383
138,813.179,0.6368,0.456,1.73535,0.89484,0.86558,0.9088,0.66089,1.04724,0.78354,2.38474,0.000608717,0.000608717,0.000608717
139,819.45,0.647,0.46032,1.79087,0.88653,0.85044,0.90311,0.66518,1.04892,0.80642,2.30837,0.000605051,0.000605051,0.000605051
140,826.544,0.61959,0.44954,1.70368,0.89296,0.80791,0.88523,0.64801,1.05096,0.85665,2.30097,0.000601384,0.000601384,0.000601384
141,833.15,0.61389,0.44318,1.64139,0.85313,0.85112,0.88865,0.65382,1.05903,0.85492,2.30977,0.000597718,0.000597718,0.000597718
142,840.303,0.61228,0.44469,1.73789,0.87403,0.8634,0.88555,0.65677,1.05151,0.82682,2.32462,0.000594052,0.000594052,0.000594052
143,847.182,0.6404,0.49883,1.71277,0.88368,0.85627,0.90235,0.65961,1.06943,0.81222,2.41504,0.000590385,0.000590385,0.000590385
144,853.732,0.62738,0.45767,1.64692,0.85485,0.86325,0.8941,0.6532,1.08936,0.82217,2.45305,0.000586719,0.000586719,0.000586719
145,860.589,0.62693,0.458,1.67083,0.88321,0.86641,0.90553,0.65149,1.09047,0.82614,2.43133,0.000583053,0.000583053,0.000583053
146,867.276,0.65066,0.47606,1.69886,0.88485,0.87025,0.90032,0.64262,1.09064,0.83863,2.45045,0.000579386,0.000579386,0.000579386
147,873.843,0.6384,0.45804,1.6632,0.87081,0.85535,0.89033,0.64838,1.08969,0.85963,2.46551,0.00057572,0.00057572,0.00057572
148,880.49,0.67375,0.52956,1.68097,0.86608,0.85777,0.89218,0.66079,1.06929,0.83515,2.35283,0.000572054,0.000572054,0.000572054
149,887.173,0.61501,0.44347,1.68059,0.87361,0.8623,0.89803,0.66053,1.07774,0.80864,2.35351,0.000568388,0.000568388,0.000568388
150,894.262,0.63758,0.46514,1.69946,0.8604,0.86978,0.89794,0.66312,1.06122,0.80227,2.34808,0.000564721,0.000564721,0.000564721
151,901.279,0.61228,0.45157,1.75154,0.90653,0.83037,0.90584,0.66837,1.07415,0.79752,2.38769,0.000561055,0.000561055,0.000561055
152,908.066,0.60498,0.44374,1.70327,0.86852,0.86906,0.9025,0.66417,1.08183,0.82293,2.4586,0.000557389,0.000557389,0.000557389
153,914.953,0.60541,0.45645,1.58596,0.91317,0.82555,0.8994,0.6626,1.0716,0.83118,2.36736,0.000553722,0.000553722,0.000553722
154,921.518,0.59188,0.44487,1.63239,0.8972,0.85392,0.89935,0.65668,1.0701,0.82519,2.26654,0.000550056,0.000550056,0.000550056
155,927.898,0.61137,0.44048,1.76741,0.90035,0.86501,0.89432,0.66139,1.04937,0.82357,2.32134,0.00054639,0.00054639,0.00054639
156,934.725,0.57244,0.43062,1.63665,0.90507,0.85538,0.89287,0.65176,1.05897,0.81385,2.35679,0.000542723,0.000542723,0.000542723
157,940.884,0.61616,0.44468,1.67862,0.89544,0.84704,0.90251,0.66056,1.06918,0.8083,2.40495,0.000539057,0.000539057,0.000539057
158,947.264,0.61146,0.43873,1.70294,0.88624,0.84827,0.89558,0.65334,1.08878,0.82717,2.64799,0.000535391,0.000535391,0.000535391
159,953.112,0.59568,0.43881,1.64925,0.87635,0.85184,0.88989,0.65283,1.08453,0.80118,2.537,0.000531725,0.000531725,0.000531725
160,958.645,0.60267,0.45447,1.7265,0.87335,0.84416,0.89021,0.64149,1.09697,0.79719,2.53134,0.000528058,0.000528058,0.000528058
161,964.467,0.60698,0.44338,1.67539,0.85798,0.864,0.88708,0.6381,1.09528,0.79363,2.49075,0.000524392,0.000524392,0.000524392
162,970.009,0.59906,0.43301,1.66682,0.88757,0.83471,0.88314,0.6326,1.0893,0.79986,2.44106,0.000520726,0.000520726,0.000520726
163,975.472,0.62283,0.43504,1.67202,0.86958,0.83969,0.88311,0.64454,1.06938,0.79484,2.3963,0.000517059,0.000517059,0.000517059
164,981.706,0.5758,0.42368,1.70904,0.88826,0.83695,0.88468,0.6438,1.06962,0.81255,2.40428,0.000513393,0.000513393,0.000513393
165,987.32,0.60831,0.44566,1.6411,0.85298,0.86794,0.89258,0.65507,1.04548,0.8051,2.33915,0.000509727,0.000509727,0.000509727
166,992.865,0.56947,0.4228,1.81115,0.87342,0.87544,0.89985,0.6595,1.04066,0.77245,2.34848,0.00050606,0.00050606,0.00050606
167,998.823,0.59411,0.44084,1.62681,0.89112,0.87471,0.90643,0.66452,1.04725,0.77983,2.3516,0.000502394,0.000502394,0.000502394
168,1004.66,0.56219,0.41147,1.64498,0.87544,0.88552,0.90322,0.66042,1.06519,0.80703,2.39382,0.000498728,0.000498728,0.000498728
169,1011.01,0.60909,0.44597,1.61868,0.89505,0.87401,0.90333,0.66396,1.04675,0.79545,2.33422,0.000495062,0.000495062,0.000495062
170,1016.62,0.63509,0.45439,1.65797,0.87513,0.88693,0.90261,0.65784,1.06671,0.79213,2.3432,0.000491395,0.000491395,0.000491395
171,1022.39,0.57944,0.43171,1.69975,0.8724,0.87177,0.90508,0.66759,1.0469,0.8178,2.31908,0.000487729,0.000487729,0.000487729
172,1027.98,0.57513,0.4294,1.66902,0.87003,0.86975,0.90611,0.66398,1.04993,0.79821,2.34686,0.000484063,0.000484063,0.000484063
173,1033.59,0.58821,0.42947,1.61815,0.87912,0.87543,0.9111,0.66845,1.04564,0.80802,2.32541,0.000480396,0.000480396,0.000480396
174,1039.66,0.55543,0.42658,1.65858,0.86187,0.86204,0.90609,0.67901,1.03985,0.79634,2.30987,0.00047673,0.00047673,0.00047673
175,1045.51,0.56335,0.41181,1.67214,0.88078,0.83518,0.90012,0.68027,1.03816,0.79398,2.29669,0.000473064,0.000473064,0.000473064
176,1051.08,0.58488,0.42986,1.66821,0.88598,0.8213,0.89302,0.67585,1.03919,0.80238,2.21648,0.000469397,0.000469397,0.000469397
177,1056.77,0.56065,0.41827,1.64915,0.85949,0.84909,0.89357,0.67125,1.04509,0.83612,2.28997,0.000465731,0.000465731,0.000465731
178,1062.36,0.55893,0.41438,1.59612,0.87167,0.85579,0.90553,0.66986,1.04341,0.81126,2.28447,0.000462065,0.000462065,0.000462065
179,1068.05,0.58218,0.4251,1.61518,0.90849,0.84397,0.91367,0.67799,1.0436,0.79773,2.26278,0.000458399,0.000458399,0.000458399
180,1073.38,0.57569,0.42005,1.677,0.90355,0.85544,0.91151,0.68183,1.03093,0.78769,2.31194,0.000454732,0.000454732,0.000454732
181,1079.35,0.54446,0.40629,1.66405,0.91318,0.87221,0.91595,0.67886,1.01715,0.78209,2.36714,0.000451066,0.000451066,0.000451066
182,1084.91,0.57597,0.4217,1.65386,0.90333,0.87542,0.90972,0.67573,1.01264,0.76552,2.29782,0.0004474,0.0004474,0.0004474
183,1090.39,0.58758,0.42827,1.67284,0.92833,0.88084,0.91818,0.67709,1.02536,0.75548,2.3746,0.000443733,0.000443733,0.000443733
184,1095.97,0.56862,0.41592,1.63245,0.88677,0.89623,0.91517,0.68095,1.03348,0.77939,2.32692,0.000440067,0.000440067,0.000440067
185,1101.43,0.56089,0.41672,1.63082,0.88041,0.88781,0.90843,0.67053,1.01337,0.77143,2.1505,0.000436401,0.000436401,0.000436401
186,1106.84,0.5489,0.41447,1.68961,0.92559,0.84626,0.90943,0.68206,1.01844,0.78149,2.11349,0.000432734,0.000432734,0.000432734
187,1112.56,0.555,0.40641,1.66011,0.8971,0.85126,0.90709,0.6658,1.06182,0.80106,2.18346,0.000429068,0.000429068,0.000429068
188,1118.22,0.54722,0.40899,1.61482,0.91069,0.82903,0.90965,0.67421,1.02921,0.78587,2.18491,0.000425402,0.000425402,0.000425402
189,1123.97,0.57841,0.43147,1.66105,0.88325,0.85137,0.90779,0.67362,1.02437,0.78098,2.27985,0.000421736,0.000421736,0.000421736
190,1129.55,0.69179,0.47659,1.7926,0.89509,0.85303,0.91135,0.68642,1.02155,0.78148,2.28742,0.000418069,0.000418069,0.000418069
191,1135.37,0.55364,0.43042,1.67428,0.87986,0.87546,0.89993,0.67718,1.03071,0.78062,2.30289,0.000414403,0.000414403,0.000414403
192,1140.85,0.54264,0.40299,1.69603,0.92335,0.8182,0.89058,0.67592,1.02228,0.77587,2.296,0.000410737,0.000410737,0.000410737
193,1146.29,0.56581,0.41842,1.66825,0.92305,0.82704,0.8943,0.67698,1.00491,0.79431,2.28776,0.00040707,0.00040707,0.00040707
194,1152.07,0.55444,0.41103,1.65194,0.91201,0.82565,0.89453,0.6791,1.00953,0.80164,2.35148,0.000403404,0.000403404,0.000403404
195,1157.86,0.53485,0.39748,1.61714,0.88373,0.85941,0.90385,0.67726,1.02597,0.79357,2.37405,0.000399738,0.000399738,0.000399738
196,1163.88,0.52311,0.39718,1.67179,0.91941,0.84036,0.90513,0.68051,1.02904,0.77917,2.28445,0.000396071,0.000396071,0.000396071
197,1169.01,0.54277,0.41029,1.67412,0.91785,0.82923,0.89631,0.67733,1.03257,0.7969,2.20321,0.000392405,0.000392405,0.000392405
198,1182.81,0.5337,0.39469,1.74333,0.87005,0.87419,0.90222,0.68687,1.01997,0.79347,2.19003,0.000388739,0.000388739,0.000388739
199,1187.78,0.52331,0.38731,1.67433,0.92073,0.85917,0.90787,0.6854,1.02212,0.79491,2.20915,0.000385073,0.000385073,0.000385073
200,1192.56,0.54134,0.40613,1.59753,0.9232,0.83682,0.89955,0.68212,1.01834,0.7877,2.20601,0.000381406,0.000381406,0.000381406
201,1197.18,0.55619,0.41825,1.70053,0.91709,0.85198,0.90548,0.68851,1.01752,0.78358,2.29558,0.00037774,0.00037774,0.00037774
202,1201.72,0.53852,0.39912,1.67501,0.91226,0.8615,0.90709,0.67684,1.02547,0.78995,2.33728,0.000374074,0.000374074,0.000374074
203,1206.17,0.54481,0.40795,1.62025,0.92106,0.83615,0.90859,0.68613,1.01829,0.77728,2.33751,0.000370407,0.000370407,0.000370407
204,1210.62,0.5266,0.39651,1.64559,0.87431,0.86754,0.91188,0.67999,1.01823,0.77558,2.35563,0.000366741,0.000366741,0.000366741
205,1214.92,0.54785,0.40356,1.60413,0.88501,0.86195,0.91464,0.68764,1.01943,0.76776,2.35913,0.000363075,0.000363075,0.000363075
206,1219.21,0.54041,0.39601,1.56671,0.91461,0.84424,0.9177,0.69153,1.03407,0.76957,2.38397,0.000359409,0.000359409,0.000359409
207,1223.62,0.52887,0.39348,1.64129,0.91046,0.85031,0.91673,0.68778,1.02752,0.76727,2.39182,0.000355742,0.000355742,0.000355742
208,1228.2,0.52019,0.38742,1.69824,0.94129,0.83427,0.90798,0.67643,1.03266,0.7808,2.40725,0.000352076,0.000352076,0.000352076
209,1232.41,0.49727,0.40769,1.56869,0.92237,0.84497,0.90838,0.67992,1.01582,0.76641,2.36927,0.00034841,0.00034841,0.00034841
210,1236.74,0.55904,0.40441,1.62833,0.93334,0.82822,0.90976,0.67882,1.01069,0.75675,2.38058,0.000344743,0.000344743,0.000344743
211,1241.02,0.52075,0.38703,1.6447,0.89727,0.86625,0.90733,0.67584,0.9988,0.75118,2.39234,0.000341077,0.000341077,0.000341077
212,1245.67,0.53767,0.40306,1.63231,0.93002,0.83441,0.89935,0.6666,1.00957,0.77288,2.38485,0.000337411,0.000337411,0.000337411
213,1249.88,0.52792,0.39813,1.6653,0.92622,0.83958,0.90258,0.668,1.01121,0.78564,2.38644,0.000333744,0.000333744,0.000333744
214,1254.24,0.50051,0.38831,1.60048,0.92026,0.85234,0.90161,0.67068,1.01912,0.79166,2.41884,0.000330078,0.000330078,0.000330078
215,1258.4,0.52052,0.39449,1.60024,0.94428,0.82839,0.90617,0.66951,1.04246,0.79803,2.39876,0.000326412,0.000326412,0.000326412
216,1262.74,0.51514,0.39236,1.63961,0.94335,0.8167,0.89557,0.66042,1.05411,0.8201,2.42549,0.000322745,0.000322745,0.000322745
217,1267.04,0.52312,0.39218,1.64586,0.91975,0.81181,0.89318,0.66141,1.04939,0.81939,2.36838,0.000319079,0.000319079,0.000319079
218,1272.1,0.50808,0.389,1.65653,0.89376,0.84142,0.89564,0.6667,1.03953,0.8167,2.33089,0.000315413,0.000315413,0.000315413
219,1277.94,0.52865,0.39553,1.63859,0.91076,0.8285,0.89222,0.66728,1.04715,0.80864,2.4348,0.000311747,0.000311747,0.000311747
220,1283.8,0.51613,0.38262,1.65702,0.92479,0.84741,0.89589,0.66623,1.05037,0.80528,2.45303,0.00030808,0.00030808,0.00030808
221,1289.49,0.529,0.39052,1.73389,0.92459,0.84813,0.89776,0.67102,1.04846,0.793,2.41472,0.000304414,0.000304414,0.000304414
222,1295.09,0.52829,0.40674,1.67721,0.91653,0.85361,0.8996,0.66928,1.01983,0.78607,2.30044,0.000300748,0.000300748,0.000300748
223,1301.37,0.53204,0.3948,1.66595,0.90694,0.83812,0.89308,0.67132,1.00033,0.78413,2.28393,0.000297081,0.000297081,0.000297081
224,1307.11,0.49977,0.40059,1.6681,0.9206,0.83034,0.89802,0.68162,1.00656,0.80556,2.28746,0.000293415,0.000293415,0.000293415
225,1313.06,0.49665,0.37752,1.638,0.91301,0.8373,0.8949,0.67232,1.02181,0.8026,2.42853,0.000289749,0.000289749,0.000289749
226,1318.85,0.49742,0.38794,1.74062,0.88585,0.85971,0.89608,0.67681,1.01816,0.80099,2.51136,0.000286083,0.000286083,0.000286083
227,1324.77,0.51863,0.39162,1.64293,0.88848,0.85787,0.89892,0.68066,1.0148,0.80693,2.55787,0.000282416,0.000282416,0.000282416
228,1331.07,0.5194,0.39345,1.65487,0.90533,0.85019,0.89787,0.67162,1.02414,0.80911,2.51752,0.00027875,0.00027875,0.00027875
229,1336.85,0.50864,0.39368,1.63618,0.911,0.85339,0.8998,0.67591,1.0216,0.79708,2.38486,0.000275084,0.000275084,0.000275084
230,1343.01,0.50104,0.38909,1.63363,0.8996,0.8551,0.90619,0.68009,1.0208,0.78576,2.32486,0.000271417,0.000271417,0.000271417
231,1348.97,0.50674,0.38327,1.63085,0.91929,0.83172,0.90484,0.68032,1.02711,0.79195,2.32137,0.000267751,0.000267751,0.000267751
232,1354.46,0.5237,0.39019,1.64618,0.91215,0.84731,0.90023,0.67259,1.03044,0.79095,2.36209,0.000264085,0.000264085,0.000264085
233,1360.33,0.50306,0.38358,1.65953,0.91362,0.82876,0.90753,0.67874,1.01495,0.78164,2.38613,0.000260418,0.000260418,0.000260418
234,1365.98,0.51598,0.39127,1.67817,0.92348,0.8228,0.91105,0.67846,1.01906,0.78381,2.39814,0.000256752,0.000256752,0.000256752
235,1371.67,0.51056,0.38793,1.66638,0.93689,0.81466,0.91109,0.67715,1.03462,0.78494,2.47652,0.000253086,0.000253086,0.000253086
236,1377.81,0.49429,0.3761,1.61836,0.93141,0.83407,0.91211,0.6833,1.03433,0.80033,2.50389,0.00024942,0.00024942,0.00024942
237,1383.58,0.47641,0.3725,1.62881,0.93132,0.84398,0.90657,0.68391,1.03601,0.79293,2.48887,0.000245753,0.000245753,0.000245753
238,1389.4,0.49949,0.38735,1.65498,0.94257,0.84102,0.90938,0.69072,1.01701,0.78946,2.38272,0.000242087,0.000242087,0.000242087
239,1395.16,0.56524,0.39146,1.715,0.90593,0.86795,0.91154,0.69307,1.02002,0.7786,2.31585,0.000238421,0.000238421,0.000238421
240,1400.82,0.48935,0.37818,1.60206,0.92805,0.84665,0.90824,0.68509,1.01933,0.78495,2.2804,0.000234754,0.000234754,0.000234754
241,1406.98,0.48958,0.36877,1.65766,0.92061,0.85055,0.91122,0.68142,1.02017,0.79068,2.27544,0.000231088,0.000231088,0.000231088
242,1412.6,0.46158,0.47319,1.60815,0.93814,0.85263,0.91436,0.6806,1.01358,0.78443,2.29089,0.000227422,0.000227422,0.000227422
243,1418.47,0.48396,0.37658,1.57994,0.93207,0.85123,0.9162,0.68414,1.0122,0.77555,2.35803,0.000223755,0.000223755,0.000223755
244,1424.54,0.49709,0.38242,1.6531,0.92348,0.84509,0.90442,0.66843,1.0207,0.7788,2.39085,0.000220089,0.000220089,0.000220089
245,1430.47,0.48994,0.37901,1.73272,0.91825,0.84071,0.90493,0.67266,1.02663,0.78451,2.39531,0.000216423,0.000216423,0.000216423
246,1436.97,0.47243,0.36401,1.60838,0.91275,0.85345,0.90949,0.683,1.02577,0.79272,2.40713,0.000212757,0.000212757,0.000212757
247,1442.78,0.50472,0.38819,1.68228,0.91136,0.85337,0.90545,0.67736,1.01982,0.79227,2.3958,0.00020909,0.00020909,0.00020909
248,1448.5,0.50425,0.38183,1.64385,0.93226,0.84042,0.90156,0.6755,1.00888,0.77559,2.40049,0.000205424,0.000205424,0.000205424
249,1454.35,0.48894,0.3741,1.63489,0.91978,0.85301,0.90625,0.67942,1.01125,0.7802,2.40976,0.000201758,0.000201758,0.000201758
250,1460.69,0.47969,0.37662,1.64566,0.89111,0.87456,0.90795,0.67945,1.00791,0.77347,2.38735,0.000198091,0.000198091,0.000198091
251,1467.06,0.4977,0.37855,1.63362,0.90351,0.86316,0.90972,0.68239,1.00388,0.77021,2.37098,0.000194425,0.000194425,0.000194425
252,1473.3,0.47059,0.36499,1.62146,0.90833,0.85671,0.90659,0.68195,1.0048,0.76284,2.39841,0.000190759,0.000190759,0.000190759
253,1479.33,0.45041,0.37343,1.5411,0.89773,0.86113,0.89975,0.67397,1.00741,0.76089,2.40978,0.000187092,0.000187092,0.000187092
254,1485.56,0.48563,0.37581,1.63146,0.89051,0.86905,0.89961,0.67565,1.00014,0.7627,2.4159,0.000183426,0.000183426,0.000183426
255,1491.93,0.4412,0.34523,1.56243,0.90506,0.85809,0.90222,0.68287,0.99863,0.75507,2.40747,0.00017976,0.00017976,0.00017976
256,1498.09,0.47552,0.35906,1.62802,0.88892,0.88081,0.90275,0.67654,1.00023,0.75636,2.40079,0.000176094,0.000176094,0.000176094
257,1504.25,0.46834,0.36237,1.59035,0.8763,0.88639,0.90028,0.6757,1.01083,0.76946,2.40198,0.000172427,0.000172427,0.000172427
258,1510.3,0.47391,0.3613,1.60008,0.88313,0.87076,0.90043,0.67758,1.00623,0.7747,2.40236,0.000168761,0.000168761,0.000168761
259,1516.58,0.48027,0.36659,1.61183,0.8858,0.87173,0.89875,0.67805,1.00583,0.77835,2.40819,0.000165095,0.000165095,0.000165095
260,1522.67,0.47061,0.36639,1.66079,0.93573,0.83059,0.89834,0.68356,1.00475,0.77987,2.37487,0.000161428,0.000161428,0.000161428
261,1528.69,0.49736,0.37632,1.59798,0.93262,0.83173,0.89853,0.67883,1.01493,0.781,2.36561,0.000157762,0.000157762,0.000157762
262,1534.78,0.47978,0.36982,1.64705,0.94344,0.83797,0.89534,0.67708,1.01322,0.78634,2.36867,0.000154096,0.000154096,0.000154096
263,1540.98,0.49139,0.37165,1.55038,0.94013,0.83323,0.8927,0.67289,1.00411,0.79185,2.33583,0.000150429,0.000150429,0.000150429
264,1547.13,0.47674,0.36772,1.6629,0.94289,0.83871,0.89568,0.67747,1.00238,0.78586,2.3589,0.000146763,0.000146763,0.000146763
265,1553.36,0.44602,0.35612,1.58191,0.93718,0.84719,0.89345,0.67599,0.98924,0.77279,2.33615,0.000143097,0.000143097,0.000143097
266,1559.42,0.4804,0.37032,1.63852,0.93562,0.84418,0.89346,0.6762,0.99329,0.76795,2.32857,0.000139431,0.000139431,0.000139431
267,1565.66,0.47871,0.36235,1.65769,0.93253,0.83879,0.88742,0.67116,1.00821,0.77458,2.34886,0.000135764,0.000135764,0.000135764
268,1571.94,0.48258,0.36993,1.74418,0.94075,0.84567,0.89673,0.67124,1.01029,0.76951,2.36839,0.000132098,0.000132098,0.000132098
269,1578.05,0.46255,0.35749,1.56708,0.94087,0.8468,0.89764,0.67392,1.0049,0.76564,2.36604,0.000128432,0.000128432,0.000128432
270,1584.25,0.47872,0.36501,1.6297,0.94,0.84882,0.90436,0.67568,1.00066,0.76234,2.37691,0.000124765,0.000124765,0.000124765
271,1590.51,0.59347,0.43109,1.61913,0.93914,0.83635,0.90229,0.67318,0.99895,0.75649,2.37375,0.000121099,0.000121099,0.000121099
272,1596.66,0.45587,0.36436,1.60997,0.94,0.84173,0.90384,0.67034,1.00371,0.75851,2.38901,0.000117433,0.000117433,0.000117433
273,1602.68,0.45556,0.35576,1.65726,0.94236,0.84572,0.90738,0.67465,1.00901,0.76084,2.41996,0.000113766,0.000113766,0.000113766
274,1608.6,0.45036,0.34557,1.6975,0.94167,0.84467,0.90709,0.67436,1.00999,0.76784,2.42069,0.0001101,0.0001101,0.0001101
275,1614.62,0.4222,0.35093,1.50829,0.91423,0.85052,0.90658,0.68172,1.01158,0.77155,2.40202,0.000106434,0.000106434,0.000106434
276,1620.61,0.43559,0.34496,1.58983,0.93047,0.84823,0.90524,0.68318,1.00457,0.77206,2.3854,0.000102768,0.000102768,0.000102768
277,1626.58,0.45135,0.35602,1.69117,0.92706,0.8479,0.90467,0.68421,0.99534,0.77548,2.37901,9.91012e-05,9.91012e-05,9.91012e-05
278,1632.71,0.44416,0.35305,1.59849,0.92575,0.84601,0.90251,0.68579,0.99698,0.78046,2.37017,9.54349e-05,9.54349e-05,9.54349e-05
279,1639,0.46307,0.35844,1.64545,0.92983,0.85141,0.90371,0.6853,0.99506,0.78167,2.34961,9.17686e-05,9.17686e-05,9.17686e-05
280,1644.94,0.46332,0.36972,1.62042,0.92856,0.85088,0.90601,0.68564,0.99756,0.7821,2.33987,8.81023e-05,8.81023e-05,8.81023e-05
281,1650.78,0.45562,0.35375,1.60797,0.92707,0.85126,0.89771,0.6807,1.00748,0.78603,2.34923,8.4436e-05,8.4436e-05,8.4436e-05
282,1656.54,0.44618,0.35104,1.60543,0.92375,0.8466,0.89794,0.67866,1.00728,0.79229,2.35164,8.07697e-05,8.07697e-05,8.07697e-05
283,1662.21,0.51122,0.4244,1.59426,0.93058,0.85039,0.89901,0.68379,1.00536,0.79779,2.35019,7.71034e-05,7.71034e-05,7.71034e-05
284,1667.91,0.45166,0.34854,1.65234,0.92851,0.852,0.89944,0.6834,1.00198,0.78785,2.36088,7.34371e-05,7.34371e-05,7.34371e-05
285,1673.32,0.43949,0.34555,1.65835,0.93385,0.84631,0.89953,0.68243,1.0023,0.7863,2.37083,6.97708e-05,6.97708e-05,6.97708e-05
286,1679.09,0.45425,0.35301,1.63789,0.93901,0.84638,0.90069,0.68796,1.00459,0.78677,2.36771,6.61045e-05,6.61045e-05,6.61045e-05
287,1684.62,0.45035,0.34891,1.58694,0.92874,0.8517,0.90021,0.68528,1.01003,0.78477,2.37107,6.24382e-05,6.24382e-05,6.24382e-05
288,1690.1,0.45323,0.35121,1.62825,0.93275,0.84977,0.9014,0.68784,1.00634,0.78932,2.37317,5.87719e-05,5.87719e-05,5.87719e-05
289,1695.89,0.46,0.35809,1.63277,0.9347,0.83703,0.90269,0.68582,1.00504,0.78751,2.36178,5.51056e-05,5.51056e-05,5.51056e-05
290,1701.68,0.43703,0.33643,1.63271,0.93208,0.84269,0.9075,0.68809,1.00084,0.78551,2.36074,5.14393e-05,5.14393e-05,5.14393e-05
291,1738.03,0.44286,0.34272,1.62205,0.93818,0.84032,0.90172,0.68148,1.0088,0.78941,2.35958,4.7773e-05,4.7773e-05,4.7773e-05
292,1744.13,0.42181,0.33804,1.49405,0.92059,0.84429,0.9013,0.67534,1.02414,0.79186,2.39412,4.41067e-05,4.41067e-05,4.41067e-05
293,1749.71,0.44964,0.34705,1.63939,0.90635,0.85555,0.90177,0.67728,1.02507,0.79981,2.38691,4.04404e-05,4.04404e-05,4.04404e-05
294,1755.27,0.42399,0.33617,1.58216,0.91283,0.83291,0.89138,0.66854,1.02137,0.80612,2.3657,3.67741e-05,3.67741e-05,3.67741e-05
295,1761.06,0.44006,0.34401,1.63022,0.89922,0.83914,0.88855,0.6685,1.01773,0.80622,2.35334,3.31078e-05,3.31078e-05,3.31078e-05
296,1766.81,0.46776,0.37778,1.66238,0.89207,0.84878,0.88935,0.6684,1.02048,0.80866,2.35717,2.94415e-05,2.94415e-05,2.94415e-05
297,1772.42,0.42439,0.3379,1.56118,0.91678,0.82838,0.89059,0.67309,1.02203,0.81305,2.35599,2.57752e-05,2.57752e-05,2.57752e-05
298,1777.8,0.3969,0.32052,1.58988,0.9162,0.82816,0.89076,0.67091,1.01749,0.8178,2.3599,2.21089e-05,2.21089e-05,2.21089e-05
299,1783.79,0.40919,0.32539,1.64536,0.92538,0.83846,0.9009,0.67782,1.01289,0.8122,2.35332,1.84426e-05,1.84426e-05,1.84426e-05
300,1789.46,0.43637,0.34086,1.58393,0.91969,0.83287,0.89585,0.67372,1.01367,0.81116,2.36161,1.47763e-05,1.47763e-05,1.47763e-05
